{
 "cells": [
  {
   "cell_type": "code",
   "execution_count": 15,
   "metadata": {},
   "outputs": [],
   "source": [
    "import numpy as np\n",
    "import numexpr as ne\n",
    "from tqdm import tqdm"
   ]
  },
  {
   "cell_type": "code",
   "execution_count": 4,
   "metadata": {},
   "outputs": [],
   "source": [
    "X = np.array([-1.50, -1.00, -0.75, -0.40, -0.25, 0.00])\n"
   ]
  },
  {
   "cell_type": "code",
   "execution_count": 11,
   "metadata": {},
   "outputs": [],
   "source": [
    "X = X.reshape(-1,1)"
   ]
  },
  {
   "cell_type": "code",
   "execution_count": 12,
   "metadata": {},
   "outputs": [],
   "source": [
    "def rbf_kernel(X):\n",
    "    X_norm = np.sum(X ** 2, axis = -1)\n",
    "    var = 5\n",
    "    gamma = 0.01\n",
    "    K = ne.evaluate('v * exp(-g * (A + B - 2 * C))', {\n",
    "        'A' : X_norm[:,None],\n",
    "        'B' : X_norm[None,:],\n",
    "        'C' : np.dot(X, X.T),\n",
    "        'g' : gamma,\n",
    "        'v' : var\n",
    "    })\n",
    "    return K"
   ]
  },
  {
   "cell_type": "code",
   "execution_count": 13,
   "metadata": {},
   "outputs": [
    {
     "data": {
      "text/plain": [
       "array([[5.        , 4.98751561, 4.97195395, 4.93986455, 4.92248219,\n",
       "        4.88875619],\n",
       "       [4.98751561, 5.        , 4.99687598, 4.98203236, 4.97195395,\n",
       "        4.95024917],\n",
       "       [4.97195395, 4.99687598, 5.        , 4.99387875, 4.98751561,\n",
       "        4.97195395],\n",
       "       [4.93986455, 4.98203236, 4.99387875, 5.        , 4.99887513,\n",
       "        4.9920064 ],\n",
       "       [4.92248219, 4.97195395, 4.98751561, 4.99887513, 5.        ,\n",
       "        4.99687598],\n",
       "       [4.88875619, 4.95024917, 4.97195395, 4.9920064 , 4.99687598,\n",
       "        5.        ]])"
      ]
     },
     "execution_count": 13,
     "metadata": {},
     "output_type": "execute_result"
    }
   ],
   "source": [
    "rbf_kernel(X)"
   ]
  },
  {
   "cell_type": "code",
   "execution_count": 19,
   "metadata": {},
   "outputs": [],
   "source": [
    "def kernel(X,Y,gamma=0.5):\n",
    "    K = np.zeros((X.shape[0], Y.shape[0]))\n",
    "    for idx, x in tqdm(enumerate(X)):\n",
    "             for jdx, y in enumerate(Y):\n",
    "                 K[idx, jdx] = np.exp(-gamma * np.linalg.norm(x - y) ** 2)\n",
    "    return K"
   ]
  },
  {
   "cell_type": "code",
   "execution_count": 33,
   "metadata": {},
   "outputs": [
    {
     "name": "stderr",
     "output_type": "stream",
     "text": [
      "6it [00:00, 6006.16it/s]\n"
     ]
    }
   ],
   "source": [
    "k = kernel(X,X)"
   ]
  },
  {
   "cell_type": "code",
   "execution_count": 35,
   "metadata": {},
   "outputs": [
    {
     "data": {
      "text/plain": [
       "array([[1.        , 0.8824969 , 0.7548396 , 0.54607443, 0.45783336,\n",
       "        0.32465247],\n",
       "       [0.8824969 , 1.        , 0.96923323, 0.83527021, 0.7548396 ,\n",
       "        0.60653066],\n",
       "       [0.7548396 , 0.96923323, 1.        , 0.94058806, 0.8824969 ,\n",
       "        0.7548396 ],\n",
       "       [0.54607443, 0.83527021, 0.94058806, 1.        , 0.98881304,\n",
       "        0.92311635],\n",
       "       [0.45783336, 0.7548396 , 0.8824969 , 0.98881304, 1.        ,\n",
       "        0.96923323],\n",
       "       [0.32465247, 0.60653066, 0.7548396 , 0.92311635, 0.96923323,\n",
       "        1.        ]])"
      ]
     },
     "execution_count": 35,
     "metadata": {},
     "output_type": "execute_result"
    }
   ],
   "source": [
    "k"
   ]
  },
  {
   "cell_type": "code",
   "execution_count": 24,
   "metadata": {},
   "outputs": [],
   "source": [
    "x_s = np.array([0.2])\n"
   ]
  },
  {
   "cell_type": "code",
   "execution_count": 26,
   "metadata": {},
   "outputs": [
    {
     "data": {
      "text/plain": [
       "array([[0.2]])"
      ]
     },
     "execution_count": 26,
     "metadata": {},
     "output_type": "execute_result"
    }
   ],
   "source": [
    "x_s.reshape(-1,1)"
   ]
  },
  {
   "cell_type": "code",
   "execution_count": 27,
   "metadata": {},
   "outputs": [
    {
     "name": "stderr",
     "output_type": "stream",
     "text": [
      "1it [00:00, 1001.74it/s]\n"
     ]
    }
   ],
   "source": [
    "k_s = kernel(x_s,X)"
   ]
  },
  {
   "cell_type": "code",
   "execution_count": 28,
   "metadata": {},
   "outputs": [
    {
     "data": {
      "text/plain": [
       "array([[0.23574608, 0.48675226, 0.63683161, 0.83527021, 0.90370708,\n",
       "        0.98019867]])"
      ]
     },
     "execution_count": 28,
     "metadata": {},
     "output_type": "execute_result"
    }
   ],
   "source": [
    "k_s"
   ]
  },
  {
   "cell_type": "code",
   "execution_count": 29,
   "metadata": {},
   "outputs": [
    {
     "name": "stderr",
     "output_type": "stream",
     "text": [
      "1it [00:00, 1001.27it/s]\n"
     ]
    }
   ],
   "source": [
    "k_ss = kernel(x_s,x_s)"
   ]
  },
  {
   "cell_type": "code",
   "execution_count": 30,
   "metadata": {},
   "outputs": [
    {
     "data": {
      "text/plain": [
       "array([[1.]])"
      ]
     },
     "execution_count": 30,
     "metadata": {},
     "output_type": "execute_result"
    }
   ],
   "source": [
    "k_ss"
   ]
  },
  {
   "cell_type": "code",
   "execution_count": 31,
   "metadata": {},
   "outputs": [],
   "source": [
    "y = np.array([-1.75,-1.1,-0.4,0.2,0.4,0.7]).reshape(-1,1)"
   ]
  },
  {
   "cell_type": "code",
   "execution_count": 32,
   "metadata": {},
   "outputs": [
    {
     "data": {
      "text/plain": [
       "array([[-1.75],\n",
       "       [-1.1 ],\n",
       "       [-0.4 ],\n",
       "       [ 0.2 ],\n",
       "       [ 0.4 ],\n",
       "       [ 0.7 ]])"
      ]
     },
     "execution_count": 32,
     "metadata": {},
     "output_type": "execute_result"
    }
   ],
   "source": [
    "y"
   ]
  },
  {
   "cell_type": "code",
   "execution_count": 55,
   "metadata": {},
   "outputs": [],
   "source": [
    "y_pred = k_s.dot(np.linalg.inv(k)).dot(y)"
   ]
  },
  {
   "cell_type": "code",
   "execution_count": 49,
   "metadata": {},
   "outputs": [
    {
     "data": {
      "text/plain": [
       "(1, 6)"
      ]
     },
     "execution_count": 49,
     "metadata": {},
     "output_type": "execute_result"
    }
   ],
   "source": [
    "k_s.shape"
   ]
  },
  {
   "cell_type": "code",
   "execution_count": 50,
   "metadata": {},
   "outputs": [
    {
     "data": {
      "text/plain": [
       "(6, 6)"
      ]
     },
     "execution_count": 50,
     "metadata": {},
     "output_type": "execute_result"
    }
   ],
   "source": [
    "np.linalg.inv(k).shape"
   ]
  },
  {
   "cell_type": "code",
   "execution_count": 45,
   "metadata": {},
   "outputs": [
    {
     "data": {
      "text/plain": [
       "(6, 1)"
      ]
     },
     "execution_count": 45,
     "metadata": {},
     "output_type": "execute_result"
    }
   ],
   "source": [
    "y.shape"
   ]
  },
  {
   "cell_type": "code",
   "execution_count": 57,
   "metadata": {},
   "outputs": [
    {
     "data": {
      "text/plain": [
       "array([[0.74635119]])"
      ]
     },
     "execution_count": 57,
     "metadata": {},
     "output_type": "execute_result"
    }
   ],
   "source": [
    "y_pred"
   ]
  },
  {
   "cell_type": "code",
   "execution_count": 63,
   "metadata": {},
   "outputs": [],
   "source": [
    "variance = k_ss - k_s.dot(np.linalg.inv(k)).dot(k_s.T)"
   ]
  },
  {
   "cell_type": "code",
   "execution_count": 64,
   "metadata": {},
   "outputs": [
    {
     "data": {
      "text/plain": [
       "array([[8.30989087e-06]])"
      ]
     },
     "execution_count": 64,
     "metadata": {},
     "output_type": "execute_result"
    }
   ],
   "source": [
    "variance"
   ]
  },
  {
   "cell_type": "code",
   "execution_count": 62,
   "metadata": {},
   "outputs": [
    {
     "data": {
      "text/plain": [
       "array([[0.99999169]])"
      ]
     },
     "execution_count": 62,
     "metadata": {},
     "output_type": "execute_result"
    }
   ],
   "source": [
    "k_s.dot(np.linalg.inv(k)).dot(k_s.T)"
   ]
  },
  {
   "cell_type": "code",
   "execution_count": null,
   "metadata": {},
   "outputs": [],
   "source": []
  }
 ],
 "metadata": {
  "kernelspec": {
   "display_name": "Python 3",
   "language": "python",
   "name": "python3"
  },
  "language_info": {
   "codemirror_mode": {
    "name": "ipython",
    "version": 3
   },
   "file_extension": ".py",
   "mimetype": "text/x-python",
   "name": "python",
   "nbconvert_exporter": "python",
   "pygments_lexer": "ipython3",
   "version": "3.6.3"
  }
 },
 "nbformat": 4,
 "nbformat_minor": 2
}
